39	3	4	459481
39	5	3	459481
39	6	5	459481
39	7	5	459481
39	12	4	459481
39	14	5	459481
39	15	5	459481
39	17	5	459481
39	20	3	459481
39	23	4	459481
39	24	4	459481
39	26	5	459481
39	33	3	459481
39	41	3	459481
39	42	4	459481
39	43	3	459481
39	45	4	459481
32	3	5	475197
32	4	2	475197
32	5	3	475197
32	6	5	475197
32	7	3	475197
32	8	4	475197
32	9	5	475197
32	10	3	475197
32	11	5	475197
32	12	5	475197
32	13	5	475197
32	14	4	475197
32	15	4	475197
32	16	4	475197
32	17	2	475197
32	18	5	475197
32	19	3	475197
32	20	5	475197
32	21	5	475197
32	22	3	475197
32	23	4	475197
32	24	4	475197
32	25	4	475197
32	26	4	475197
32	27	2	475197
32	28	4	475197
32	29	3	475197
32	30	3	475197
32	31	3	475197
32	32	3	475197
32	33	4	475197
32	34	4	475197
32	35	5	475197
32	36	3	475197
32	37	3	475197
32	38	4	475197
32	39	5	475197
32	40	5	475197
32	41	5	475197
32	42	5	475197
32	43	5	475197
32	44	5	475197
32	45	5	475197
32	46	5	475197
32	47	3	475197
32	48	5	475197
32	49	5	475197
26	3	4	456935
26	4	5	456935
26	5	1	456935
26	6	4	456935
26	7	5	456935
26	8	3	456935
26	9	4	456935
26	10	2	456935
26	11	3	456935
26	12	2	456935
26	13	5	456935
26	14	5	456935
26	15	5	456935
26	16	1	456935
26	17	3	456935
26	18	2	456935
26	19	5	456935
26	20	1	456935
26	21	5	456935
26	22	2	456935
26	23	2	456935
26	24	3	456935
26	25	3	456935
26	26	5	456935
26	27	1	456935
26	28	2	456935
26	29	3	456935
26	30	3	456935
26	31	5	456935
26	32	5	456935
26	33	5	456935
26	34	3	456935
26	35	1	456935
26	36	1	456935
26	37	3	456935
26	38	3	456935
26	39	3	456935
26	40	4	456935
26	41	1	456935
26	42	5	456935
26	43	3	456935
26	44	1	456935
26	45	4	456935
26	46	3	456935
26	47	3	456935
26	48	1	456935
26	49	2	456935
14	3	2	459734
14	4	3	459734
14	5	2	459734
14	7	4	459734
14	8	2	459734
14	9	5	459734
14	10	5	459734
14	11	4	459734
14	12	3	459734
14	14	3	459734
14	15	4	459734
14	16	4	459734
14	17	2	459734
14	18	2	459734
14	19	3	459734
14	20	3	459734
14	21	3	459734
14	22	5	459734
14	24	4	459734
14	26	3	459734
14	27	4	459734
14	29	3	459734
14	30	4	459734
14	31	3	459734
14	32	4	459734
14	33	5	459734
14	35	3	459734
14	36	5	459734
14	37	5	459734
14	38	3	459734
14	39	4	459734
14	40	3	459734
14	41	3	459734
14	42	3	459734
14	43	4	459734
14	44	2	459734
14	45	3	459734
14	46	2	459734
14	47	3	459734
14	48	2	459734
14	49	3	459734
5	3	3	462630
5	4	2	462630
5	5	1	462630
5	6	5	462630
5	7	5	462630
5	8	3	462630
5	9	4	462630
5	10	5	462630
5	11	5	462630
5	12	4	462630
5	13	3	462630
5	14	4	462630
5	15	5	462630
5	16	3	462630
5	17	5	462630
5	18	3	462630
5	19	3	462630
5	20	4	462630
5	21	5	462630
5	22	5	462630
5	23	4	462630
5	24	4	462630
5	25	5	462630
5	27	1	462630
5	28	5	462630
5	30	3	462630
5	31	4	462630
5	32	3	462630
5	33	2	462630
5	34	3	462630
5	35	3	462630
5	37	1	462630
5	38	5	462630
5	39	3	462630
5	40	4	462630
5	41	4	462630
5	42	5	462630
5	43	5	462630
5	44	5	462630
5	45	4	462630
5	46	4	462630
5	47	5	462630
5	48	5	462630
63	3	3	469530
63	6	3	469530
63	7	5	469530
63	9	3	469530
63	10	5	469530
63	13	3	469530
63	14	5	469530
63	15	5	469530
63	16	4	469530
63	17	3	469530
63	18	3	469530
63	19	4	469530
63	22	3	469530
63	24	4	469530
63	25	5	469530
63	26	5	469530
63	30	4	469530
63	31	4	469530
63	33	3	469530
63	35	5	469530
63	37	2	469530
63	38	2	469530
63	39	4	469530
63	41	3	469530
63	44	4	469530
63	46	4	469530
63	47	4	469530
63	48	4	469530
63	49	2	469530
82	5	3	471811
82	6	1	471811
82	8	1	471811
82	9	4	471811
82	10	3	471811
82	13	1	471811
82	16	1	471811
82	18	1	471811
82	19	4	471811
82	22	1	471811
82	24	1	471811
82	28	1	471811
82	30	3	471811
82	31	4	471811
82	32	5	471811
82	33	5	471811
82	34	5	471811
82	36	1	471811
82	38	4	471811
82	40	4	471811
82	42	1	471811
82	43	1	471811
82	45	1	471811
82	48	1	471811
82	49	3	471811
61	9	4	459657
61	10	4	459657
61	11	3	459657
61	12	3	459657
61	13	2	459657
61	14	4	459657
61	15	3	459657
61	20	5	459657
61	23	3	459657
61	30	2	459657
61	33	3	459657
61	34	4	459657
61	37	4	459657
61	38	2	459657
61	39	3	459657
61	43	2	459657
61	44	3	459657
61	46	2	459657
61	48	3	459657
78	3	2	463831
78	4	1	463831
78	5	1	463831
78	6	2	463831
78	7	1	463831
78	8	1	463831
78	9	1	463831
78	10	1	463831
78	11	3	463831
78	12	2	463831
78	13	1	463831
78	14	2	463831
78	15	2	463831
78	16	5	463831
78	17	3	463831
78	18	1	463831
78	19	1	463831
78	20	2	463831
78	21	3	463831
78	22	1	463831
78	23	1	463831
78	24	5	463831
78	25	1	463831
78	26	3	463831
78	27	1	463831
78	28	1	463831
78	29	1	463831
78	30	1	463831
78	31	3	463831
78	32	3	463831
78	33	1	463831
78	34	2	463831
78	35	2	463831
78	36	1	463831
78	37	1	463831
78	38	1	463831
78	39	1	463831
78	40	4	463831
78	41	1	463831
78	42	1	463831
78	43	1	463831
78	44	2	463831
78	45	1	463831
78	46	2	463831
78	47	2	463831
78	48	2	463831
78	49	1	463831
83	4	1	467774
83	6	5	467774
83	8	2	467774
83	12	1	467774
83	15	2	467774
83	16	3	467774
83	17	3	467774
83	19	2	467774
83	22	2	467774
83	25	4	467774
83	32	1	467774
83	34	1	467774
83	35	2	467774
83	37	2	467774
83	40	4	467774
83	41	5	467774
83	42	5	467774
83	45	1	467774
83	46	1	467774
55	7	4	469341
55	8	4	469341
55	12	4	469341
55	17	4	469341
55	20	4	469341
55	22	2	469341
55	24	3	469341
55	27	2	469341
55	29	1	469341
55	33	4	469341
55	37	4	469341
55	38	3	469341
55	39	5	469341
55	45	3	469341
55	48	4	469341
55	49	4	469341
64	3	1	458799
64	4	1	458799
64	5	1	458799
64	6	3	458799
64	7	1	458799
64	8	1	458799
64	9	3	458799
64	10	3	458799
64	11	1	458799
64	12	1	458799
64	13	1	458799
64	14	2	458799
64	15	1	458799
64	16	5	458799
64	17	3	458799
64	18	1	458799
64	19	1	458799
64	20	4	458799
64	21	1	458799
64	22	1	458799
64	23	2	458799
64	24	3	458799
64	25	1	458799
64	26	1	458799
64	27	1	458799
64	28	1	458799
64	29	1	458799
64	30	1	458799
64	31	1	458799
64	32	1	458799
64	33	2	458799
64	34	1	458799
64	35	1	458799
64	36	1	458799
64	37	1	458799
64	38	1	458799
64	39	1	458799
64	40	3	458799
64	41	2	458799
64	42	3	458799
64	43	5	458799
64	44	4	458799
64	45	1	458799
64	46	1	458799
64	47	3	458799
64	48	1	458799
64	49	1	458799
33	3	2	459004
33	4	4	459004
33	5	4	459004
33	6	3	459004
33	7	4	459004
33	8	3	459004
33	9	4	459004
33	10	5	459004
33	11	2	459004
33	13	2	459004
33	14	3	459004
33	15	4	459004
33	16	4	459004
33	17	4	459004
33	18	3	459004
33	19	4	459004
33	20	2	459004
33	21	5	459004
33	22	2	459004
33	23	3	459004
33	24	4	459004
33	25	3	459004
33	26	5	459004
33	27	1	459004
33	28	3	459004
33	29	4	459004
33	30	3	459004
33	31	3	459004
33	32	4	459004
33	33	4	459004
33	34	4	459004
33	35	4	459004
33	36	2	459004
33	37	4	459004
33	38	3	459004
33	39	4	459004
33	40	3	459004
33	41	2	459004
33	42	3	459004
33	44	2	459004
33	45	4	459004
33	46	2	459004
33	47	3	459004
33	48	3	459004
79	3	5	456737
79	4	5	456737
79	5	1	456737
79	6	5	456737
79	7	1	456737
79	8	5	456737
79	9	1	456737
79	10	1	456737
79	11	5	456737
79	12	5	456737
79	13	5	456737
79	14	5	456737
79	15	1	456737
79	16	5	456737
79	17	5	456737
79	18	5	456737
79	19	5	456737
79	20	5	456737
79	21	1	456737
79	22	5	456737
79	23	5	456737
79	24	5	456737
79	25	1	456737
79	26	1	456737
79	27	1	456737
79	28	1	456737
79	29	1	456737
79	30	1	456737
79	31	1	456737
79	32	2	456737
79	33	1	456737
79	34	1	456737
79	35	2	456737
79	36	1	456737
79	37	1	456737
79	38	5	456737
79	39	1	456737
79	40	5	456737
79	41	5	456737
79	42	5	456737
79	43	5	456737
79	44	5	456737
79	45	5	456737
79	46	5	456737
79	47	5	456737
79	48	5	456737
79	49	5	456737
30	3	2	462953
30	5	4	462953
30	8	3	462953
30	11	2	462953
30	18	3	462953
30	20	3	462953
30	22	2	462953
30	28	3	462953
30	32	1	462953
30	35	1	462953
30	37	2	462953
30	38	2	462953
30	39	2	462953
30	40	4	462953
30	41	3	462953
30	46	4	462953
30	49	4	462953
41	3	3	459555
41	4	1	459555
41	5	1	459555
41	6	5	459555
41	7	3	459555
41	8	2	459555
41	9	5	459555
41	10	1	459555
41	11	1	459555
41	12	5	459555
41	13	3	459555
41	14	3	459555
41	15	3	459555
41	16	5	459555
41	17	5	459555
41	18	2	459555
41	19	1	459555
41	20	5	459555
41	21	4	459555
41	22	2	459555
41	23	2	459555
41	24	3	459555
41	25	3	459555
41	26	2	459555
41	27	2	459555
41	28	4	459555
41	29	1	459555
41	30	1	459555
41	31	1	459555
41	32	1	459555
41	33	4	459555
41	34	1	459555
41	35	1	459555
41	36	1	459555
41	37	1	459555
41	38	5	459555
41	39	5	459555
41	40	5	459555
41	41	5	459555
41	42	5	459555
41	43	5	459555
41	44	5	459555
41	45	3	459555
41	46	3	459555
41	47	5	459555
41	48	4	459555
41	49	4	459555
45	3	4	470031
45	4	3	470031
45	5	2	470031
45	7	3	470031
45	8	5	470031
45	9	4	470031
45	10	4	470031
45	12	5	470031
45	14	2	470031
45	15	4	470031
45	16	5	470031
45	22	4	470031
45	25	3	470031
45	27	1	470031
45	28	4	470031
45	30	3	470031
45	31	3	470031
45	33	2	470031
45	35	4	470031
45	36	4	470031
45	37	3	470031
45	38	3	470031
45	39	5	470031
45	40	5	470031
45	41	5	470031
45	42	3	470031
45	43	4	470031
45	44	4	470031
45	45	5	470031
45	47	5	470031
45	48	5	470031
45	49	5	470031
17	5	4	471634
17	7	3	471634
17	8	3	471634
17	9	3	471634
17	10	3	471634
17	12	2	471634
17	14	4	471634
17	15	2	471634
17	16	2	471634
17	18	2	471634
17	19	3	471634
17	21	3	471634
17	22	3	471634
17	24	3	471634
17	25	3	471634
17	26	5	471634
17	27	3	471634
17	28	4	471634
17	29	2	471634
17	30	3	471634
17	31	3	471634
17	32	1	471634
17	33	4	471634
17	34	3	471634
17	35	3	471634
17	36	3	471634
17	37	5	471634
17	38	4	471634
17	41	1	471634
17	42	3	471634
17	44	3	471634
17	45	3	471634
17	46	4	471634
17	49	3	471634
80	3	1	463514
80	4	3	463514
80	5	1	463514
80	6	3	463514
80	7	1	463514
80	8	1	463514
80	9	5	463514
80	10	5	463514
80	11	5	463514
80	12	2	463514
80	13	3	463514
80	14	1	463514
80	15	5	463514
80	16	4	463514
80	17	5	463514
80	18	3	463514
80	19	4	463514
80	20	4	463514
80	21	3	463514
80	22	1	463514
80	23	3	463514
80	24	3	463514
80	25	3	463514
80	26	5	463514
80	27	1	463514
80	28	3	463514
80	29	1	463514
80	30	2	463514
80	31	1	463514
80	32	3	463514
80	33	3	463514
80	34	2	463514
80	35	2	463514
80	36	1	463514
80	37	4	463514
80	38	1	463514
80	39	3	463514
80	40	4	463514
80	41	3	463514
80	42	5	463514
80	43	4	463514
80	44	3	463514
80	45	2	463514
80	46	2	463514
80	47	5	463514
80	48	3	463514
80	49	4	463514
20	3	2	475333
20	4	2	475333
20	5	2	475333
20	6	4	475333
20	7	1	475333
20	8	4	475333
20	9	5	475333
20	10	5	475333
20	11	1	475333
20	12	2	475333
20	13	2	475333
20	14	5	475333
20	15	4	475333
20	16	2	475333
20	17	4	475333
20	18	2	475333
20	19	3	475333
20	20	4	475333
20	21	5	475333
20	22	1	475333
20	23	3	475333
20	24	2	475333
20	25	1	475333
20	26	3	475333
20	27	2	475333
20	28	1	475333
20	29	2	475333
20	30	3	475333
20	31	4	475333
20	32	4	475333
20	33	5	475333
20	34	4	475333
20	35	2	475333
20	36	4	475333
20	37	5	475333
20	38	1	475333
20	39	2	475333
20	40	2	475333
20	41	1	475333
20	42	2	475333
20	43	3	475333
20	44	2	475333
20	45	4	475333
20	46	4	475333
20	47	3	475333
20	48	5	475333
20	49	5	475333
70	5	1	465282
70	8	3	465282
70	11	1	465282
70	12	5	465282
70	15	4	465282
70	16	2	465282
70	19	1	465282
70	20	1	465282
70	24	1	465282
70	25	1	465282
70	27	1	465282
70	32	3	465282
70	33	1	465282
70	34	2	465282
70	35	1	465282
70	36	1	465282
70	38	3	465282
70	39	3	465282
70	40	4	465282
70	41	5	465282
70	43	3	465282
70	46	2	465282
70	47	4	465282
70	48	5	465282
70	49	5	465282
7	3	1	468573
7	4	4	468573
7	5	5	468573
7	6	2	468573
7	7	5	468573
7	8	2	468573
7	9	2	468573
7	10	5	468573
7	11	3	468573
7	12	2	468573
7	13	1	468573
7	14	3	468573
7	15	5	468573
7	16	1	468573
7	17	1	468573
7	18	2	468573
7	19	2	468573
7	20	2	468573
7	21	5	468573
7	22	1	468573
7	23	2	468573
7	24	1	468573
7	25	4	468573
7	26	5	468573
7	27	3	468573
7	28	5	468573
7	29	1	468573
7	30	3	468573
7	31	3	468573
7	32	1	468573
7	33	4	468573
7	34	5	468573
7	35	1	468573
7	36	2	468573
7	37	5	468573
7	38	3	468573
7	39	4	468573
7	40	3	468573
7	41	2	468573
7	42	3	468573
7	43	2	468573
7	44	1	468573
7	45	3	468573
7	46	1	468573
7	47	3	468573
7	48	3	468573
7	49	3	468573
6	3	4	461255
6	4	5	461255
6	5	5	461255
6	6	5	461255
6	7	3	461255
6	8	2	461255
6	9	4	461255
6	10	5	461255
6	11	4	461255
6	12	5	461255
6	13	4	461255
6	14	4	461255
6	15	4	461255
6	16	5	461255
6	17	4	461255
6	18	5	461255
6	19	4	461255
6	20	4	461255
6	21	4	461255
6	22	5	461255
6	23	5	461255
6	24	5	461255
6	25	2	461255
6	26	5	461255
6	27	1	461255
6	28	5	461255
6	29	5	461255
6	30	5	461255
6	31	4	461255
6	32	4	461255
6	33	5	461255
6	34	4	461255
6	35	5	461255
6	36	5	461255
6	37	5	461255
6	38	3	461255
6	39	5	461255
6	40	5	461255
6	41	4	461255
6	42	4	461255
6	43	5	461255
6	44	5	461255
6	45	3	461255
6	46	4	461255
6	47	5	461255
6	48	5	461255
6	49	4	461255
27	3	2	473783
27	4	1	473783
27	5	2	473783
27	6	3	473783
27	7	3	473783
27	8	5	473783
27	9	4	473783
27	10	4	473783
27	11	2	473783
27	12	3	473783
27	13	1	473783
27	14	3	473783
27	15	4	473783
27	16	4	473783
27	17	4	473783
27	18	2	473783
27	19	3	473783
27	20	2	473783
27	21	4	473783
27	22	1	473783
27	23	2	473783
27	24	1	473783
27	25	3	473783
27	26	5	473783
27	27	2	473783
27	28	3	473783
27	29	1	473783
27	30	2	473783
27	31	5	473783
27	32	3	473783
27	33	4	473783
27	34	5	473783
27	35	1	473783
27	36	1	473783
27	37	5	473783
27	38	3	473783
27	39	3	473783
27	40	3	473783
27	41	3	473783
27	42	4	473783
27	43	3	473783
27	44	1	473783
27	45	3	473783
27	46	3	473783
27	47	1	473783
27	48	3	473783
27	49	4	473783
13	4	5	467928
13	6	2	467928
13	7	3	467928
13	9	2	467928
13	11	4	467928
13	12	4	467928
13	16	4	467928
13	18	4	467928
13	19	1	467928
13	20	4	467928
13	23	3	467928
13	26	4	467928
13	27	3	467928
13	31	5	467928
13	32	5	467928
13	34	3	467928
13	39	5	467928
13	40	5	467928
13	43	2	467928
13	46	5	467928
13	48	4	467928
13	49	5	467928
34	3	3	471838
34	4	2	471838
34	6	5	471838
34	7	5	471838
34	8	2	471838
34	9	3	471838
34	11	3	471838
34	12	2	471838
34	13	3	471838
34	16	5	471838
34	18	4	471838
34	19	2	471838
34	21	2	471838
34	22	1	471838
34	23	1	471838
34	24	4	471838
34	25	3	471838
34	26	3	471838
34	27	3	471838
34	29	4	471838
34	31	2	471838
34	32	2	471838
34	33	2	471838
34	34	1	471838
34	35	3	471838
34	36	2	471838
34	37	2	471838
34	38	5	471838
34	39	4	471838
34	40	5	471838
34	41	2	471838
34	42	5	471838
34	43	5	471838
34	44	4	471838
34	45	4	471838
34	46	3	471838
34	47	5	471838
34	48	4	471838
34	49	3	471838
42	5	2	470539
42	9	3	470539
42	10	3	470539
42	11	3	470539
42	13	3	470539
42	15	3	470539
42	16	2	470539
42	20	3	470539
42	22	3	470539
42	24	3	470539
42	28	3	470539
42	29	2	470539
42	36	3	470539
42	38	3	470539
42	39	3	470539
42	48	2	470539
38	3	2	458044
38	5	2	458044
38	6	2	458044
38	7	1	458044
38	8	1	458044
38	9	1	458044
38	10	3	458044
38	13	1	458044
38	14	2	458044
38	15	1	458044
38	17	2	458044
38	19	3	458044
38	21	1	458044
38	22	3	458044
38	24	3	458044
38	25	3	458044
38	28	1	458044
38	29	3	458044
38	30	3	458044
38	31	4	458044
38	32	2	458044
38	34	3	458044
38	36	1	458044
38	37	2	458044
38	38	2	458044
38	39	1	458044
38	41	3	458044
38	42	1	458044
38	43	2	458044
38	44	3	458044
38	46	2	458044
38	47	3	458044
38	48	1	458044
47	6	5	465396
47	7	5	465396
47	15	4	465396
47	21	5	465396
47	26	5	465396
47	38	5	465396
47	39	4	465396
47	40	5	465396
47	41	5	465396
47	42	5	465396
47	45	4	465396
47	47	5	465396
67	5	2	472996
67	7	2	472996
67	8	1	472996
67	9	2	472996
67	10	2	472996
67	12	3	472996
67	13	3	472996
67	15	2	472996
67	16	5	472996
67	17	3	472996
67	18	3	472996
67	22	1	472996
67	24	2	472996
67	26	1	472996
67	27	2	472996
67	28	4	472996
67	29	1	472996
67	31	3	472996
67	36	3	472996
67	37	2	472996
67	38	3	472996
67	39	1	472996
67	40	3	472996
67	45	4	472996
67	46	2	472996
67	47	2	472996
67	49	1	472996
65	4	4	463966
65	8	4	463966
65	10	5	463966
65	12	4	463966
65	15	5	463966
65	16	1	463966
65	20	1	463966
65	21	5	463966
65	22	3	463966
65	23	2	463966
65	24	5	463966
65	25	5	463966
65	26	5	463966
65	27	3	463966
65	28	5	463966
65	31	3	463966
65	34	4	463966
65	36	3	463966
65	37	3	463966
65	38	3	463966
65	39	3	463966
65	42	3	463966
65	46	4	463966
65	47	5	463966
65	48	2	463966
65	49	4	463966
10	3	3	461958
10	4	3	461958
10	5	3	461958
10	6	4	461958
10	7	3	461958
10	9	3	461958
10	10	4	461958
10	11	3	461958
10	12	4	461958
10	13	3	461958
10	14	4	461958
10	15	4	461958
10	18	2	461958
10	19	4	461958
10	21	4	461958
10	24	3	461958
10	25	3	461958
10	26	5	461958
10	29	3	461958
10	30	3	461958
10	31	3	461958
10	33	4	461958
10	34	4	461958
10	37	3	461958
10	38	3	461958
10	39	3	461958
10	40	3	461958
10	41	3	461958
10	42	4	461958
10	43	3	461958
10	45	3	461958
10	46	2	461958
10	47	4	461958
10	48	4	461958
72	3	2	460459
72	4	4	460459
72	5	2	460459
72	6	3	460459
72	7	3	460459
72	8	2	460459
72	9	3	460459
72	10	2	460459
72	11	5	460459
72	12	3	460459
72	13	3	460459
72	14	2	460459
72	15	3	460459
72	16	4	460459
72	17	3	460459
72	18	2	460459
72	19	2	460459
72	20	3	460459
72	21	3	460459
72	22	2	460459
72	23	3	460459
72	24	4	460459
72	25	3	460459
72	26	3	460459
72	27	2	460459
72	28	3	460459
72	29	3	460459
72	30	2	460459
72	31	2	460459
72	32	2	460459
72	33	4	460459
72	34	3	460459
72	35	2	460459
72	36	4	460459
72	37	2	460459
72	38	2	460459
72	39	2	460459
72	40	2	460459
72	41	2	460459
72	42	2	460459
72	43	5	460459
72	44	5	460459
72	45	4	460459
72	46	4	460459
72	47	5	460459
72	48	2	460459
72	49	2	460459
43	3	1	466980
43	4	3	466980
43	5	2	466980
43	6	1	466980
43	7	2	466980
43	8	1	466980
43	9	2	466980
43	10	4	466980
43	11	2	466980
43	12	1	466980
43	13	1	466980
43	14	3	466980
43	15	4	466980
43	16	1	466980
43	17	2	466980
43	18	1	466980
43	19	2	466980
43	20	5	466980
43	21	3	466980
43	22	1	466980
43	23	3	466980
43	24	1	466980
43	25	3	466980
43	26	1	466980
43	27	3	466980
43	28	3	466980
43	29	4	466980
43	30	2	466980
43	31	4	466980
43	32	4	466980
43	33	4	466980
43	34	5	466980
43	35	1	466980
43	36	1	466980
43	37	3	466980
43	38	3	466980
43	39	3	466980
43	40	2	466980
43	41	2	466980
43	42	2	466980
43	43	3	466980
43	44	1	466980
43	45	1	466980
43	46	1	466980
43	47	3	466980
43	48	2	466980
43	49	3	466980
52	3	3	466460
52	5	3	466460
52	6	3	466460
52	7	4	466460
52	10	2	466460
52	11	3	466460
52	12	3	466460
52	14	3	466460
52	15	3	466460
52	17	3	466460
52	18	4	466460
52	20	3	466460
52	27	1	466460
52	28	1	466460
52	31	2	466460
52	32	3	466460
52	33	3	466460
52	35	4	466460
52	39	4	466460
52	41	3	466460
52	42	3	466460
52	43	3	466460
52	44	3	466460
52	48	3	466460
48	3	3	475387
48	4	3	475387
48	5	4	475387
48	6	4	475387
48	7	4	475387
48	8	3	475387
48	9	3	475387
48	10	4	475387
48	11	4	475387
48	12	4	475387
48	13	4	475387
48	14	4	475387
48	15	3	475387
48	16	5	475387
48	17	4	475387
48	18	4	475387
48	19	4	475387
48	20	4	475387
48	21	4	475387
48	22	3	475387
48	23	4	475387
48	24	3	475387
48	25	3	475387
48	26	3	475387
48	27	4	475387
48	28	3	475387
48	29	4	475387
48	30	3	475387
48	31	4	475387
48	32	4	475387
48	33	4	475387
48	34	4	475387
48	35	4	475387
48	36	4	475387
48	37	4	475387
48	38	3	475387
48	39	5	475387
48	40	4	475387
48	41	4	475387
48	42	4	475387
48	43	4	475387
48	44	4	475387
48	45	4	475387
48	46	5	475387
48	47	3	475387
48	48	4	475387
48	49	4	475387
16	4	4	467681
16	5	3	467681
16	6	4	467681
16	9	5	467681
16	10	5	467681
16	14	2	467681
16	17	5	467681
16	18	4	467681
16	22	3	467681
16	25	4	467681
16	26	5	467681
16	28	5	467681
16	29	3	467681
16	34	5	467681
16	35	4	467681
16	41	4	467681
16	42	4	467681
16	44	4	467681
73	3	3	471620
73	4	3	471620
73	6	4	471620
73	12	4	471620
73	15	4	471620
73	16	3	471620
73	17	3	471620
73	19	3	471620
73	21	5	471620
73	25	4	471620
73	29	4	471620
73	30	4	471620
73	32	3	471620
73	39	4	471620
73	42	4	471620
73	45	4	471620
73	46	4	471620
73	47	4	471620
73	49	4	471620
24	3	3	458235
24	4	2	458235
24	5	3	458235
24	6	2	458235
24	7	5	458235
24	8	1	458235
24	9	3	458235
24	10	3	458235
24	11	4	458235
24	12	2	458235
24	13	1	458235
24	14	2	458235
24	15	2	458235
24	16	5	458235
24	17	3	458235
24	18	4	458235
24	19	3	458235
24	20	3	458235
24	22	3	458235
24	23	2	458235
24	24	3	458235
24	25	4	458235
24	26	3	458235
24	27	3	458235
24	28	1	458235
24	29	2	458235
24	30	5	458235
24	31	2	458235
24	32	3	458235
24	33	2	458235
24	34	4	458235
24	36	5	458235
24	37	4	458235
24	38	2	458235
24	39	3	458235
24	40	3	458235
24	41	3	458235
24	42	2	458235
24	43	2	458235
24	44	3	458235
24	45	3	458235
24	46	2	458235
24	47	1	458235
24	48	4	458235
24	49	3	458235
54	3	5	473649
54	4	3	473649
54	5	2	473649
54	6	4	473649
54	7	3	473649
54	8	1	473649
54	9	1	473649
54	10	5	473649
54	11	5	473649
54	12	1	473649
54	13	4	473649
54	15	5	473649
54	16	3	473649
54	17	3	473649
54	18	5	473649
54	19	4	473649
54	20	4	473649
54	21	4	473649
54	22	2	473649
54	23	5	473649
54	24	4	473649
54	25	5	473649
54	26	5	473649
54	27	2	473649
54	28	1	473649
54	29	5	473649
54	30	3	473649
54	31	3	473649
54	32	4	473649
54	33	3	473649
54	34	2	473649
54	35	2	473649
54	36	4	473649
54	37	3	473649
54	38	3	473649
54	39	5	473649
54	40	2	473649
54	41	3	473649
54	42	1	473649
54	43	4	473649
54	44	2	473649
54	45	4	473649
54	46	5	473649
54	47	1	473649
54	48	2	473649
54	49	2	473649
77	3	4	460217
77	4	1	460217
77	5	4	460217
77	7	3	460217
77	8	2	460217
77	9	2	460217
77	10	3	460217
77	11	3	460217
77	12	3	460217
77	13	4	460217
77	14	2	460217
77	15	3	460217
77	16	3	460217
77	18	4	460217
77	21	3	460217
77	22	2	460217
77	25	4	460217
77	26	2	460217
77	27	3	460217
77	28	3	460217
77	29	2	460217
77	30	2	460217
77	31	2	460217
77	32	3	460217
77	33	1	460217
77	34	3	460217
77	36	3	460217
77	37	4	460217
77	38	5	460217
77	39	5	460217
77	40	5	460217
77	41	4	460217
77	43	3	460217
77	46	4	460217
77	47	2	460217
77	48	5	460217
77	49	4	460217
66	3	4	455931
66	4	3	455931
66	5	4	455931
66	6	5	455931
66	7	2	455931
66	8	2	455931
66	10	5	455931
66	11	5	455931
66	12	4	455931
66	13	5	455931
66	14	5	455931
66	15	3	455931
66	16	4	455931
66	19	3	455931
66	20	4	455931
66	22	3	455931
66	23	5	455931
66	24	5	455931
66	25	5	455931
66	28	3	455931
66	29	3	455931
66	30	3	455931
66	33	5	455931
66	34	5	455931
66	35	1	455931
66	36	5	455931
66	37	5	455931
66	39	4	455931
66	40	3	455931
66	42	2	455931
66	43	4	455931
66	44	3	455931
66	45	5	455931
66	46	2	455931
66	47	4	455931
66	48	2	455931
66	49	4	455931
58	5	3	473616
58	7	2	473616
58	8	3	473616
58	9	5	473616
58	10	5	473616
58	13	3	473616
58	15	5	473616
58	16	4	473616
58	18	3	473616
58	20	3	473616
58	21	5	473616
58	24	3	473616
58	25	4	473616
58	27	4	473616
58	28	3	473616
58	29	5	473616
58	30	4	473616
58	33	5	473616
58	35	4	473616
58	36	5	473616
58	37	5	473616
58	40	5	473616
58	42	5	473616
58	44	4	473616
58	45	5	473616
58	46	3	473616
58	47	4	473616
58	48	5	473616
58	49	5	473616
29	3	5	465322
29	4	5	465322
29	5	5	465322
29	6	4	465322
29	7	4	465322
29	9	4	465322
29	10	5	465322
29	11	4	465322
29	12	5	465322
29	18	1	465322
29	19	4	465322
29	21	4	465322
29	24	5	465322
29	26	4	465322
29	28	3	465322
29	30	5	465322
29	35	4	465322
29	37	5	465322
29	38	4	465322
29	40	4	465322
29	41	5	465322
29	43	5	465322
29	45	4	465322
29	46	5	465322
29	47	5	465322
29	48	4	465322
68	5	3	458564
68	8	2	458564
68	10	5	458564
68	12	1	458564
68	14	5	458564
68	15	5	458564
68	16	5	458564
68	18	2	458564
68	24	5	458564
68	25	5	458564
68	26	5	458564
68	28	5	458564
68	29	3	458564
68	31	2	458564
68	34	5	458564
68	40	5	458564
68	45	5	458564
68	46	3	458564
8	3	2	464667
8	4	2	464667
8	5	3	464667
8	9	5	464667
8	10	4	464667
8	11	3	464667
8	12	4	464667
8	13	4	464667
8	14	2	464667
8	20	4	464667
8	24	3	464667
8	25	3	464667
8	26	3	464667
8	27	3	464667
8	28	3	464667
8	29	3	464667
8	30	3	464667
8	31	4	464667
8	33	5	464667
8	36	3	464667
8	37	3	464667
8	43	4	464667
8	44	4	464667
8	45	4	464667
8	46	4	464667
8	47	4	464667
8	48	4	464667
8	49	3	464667
69	3	3	470152
69	4	2	470152
69	5	1	470152
69	6	1	470152
69	7	3	470152
69	8	2	470152
69	9	3	470152
69	10	3	470152
69	12	2	470152
69	13	2	470152
69	15	3	470152
69	16	3	470152
69	17	3	470152
69	18	2	470152
69	19	2	470152
69	20	3	470152
69	22	2	470152
69	23	2	470152
69	25	3	470152
69	26	3	470152
69	27	2	470152
69	28	2	470152
69	29	1	470152
69	30	1	470152
69	31	1	470152
69	33	3	470152
69	34	3	470152
69	35	1	470152
69	36	1	470152
69	37	3	470152
69	39	2	470152
69	40	3	470152
69	41	2	470152
69	42	2	470152
69	44	2	470152
69	45	2	470152
69	46	2	470152
69	47	3	470152
69	48	2	470152
69	49	2	470152
15	5	5	471355
15	7	5	471355
15	10	4	471355
15	11	3	471355
15	12	4	471355
15	21	5	471355
15	22	3	471355
15	26	5	471355
15	29	3	471355
15	32	5	471355
15	33	4	471355
15	43	3	471355
15	47	4	471355
18	3	3	473654
18	4	4	473654
18	5	4	473654
18	6	4	473654
18	7	3	473654
18	8	1	473654
18	9	4	473654
18	10	3	473654
18	11	4	473654
18	12	4	473654
18	13	3	473654
18	14	4	473654
18	15	4	473654
18	16	4	473654
18	17	4	473654
18	18	4	473654
18	19	4	473654
18	20	4	473654
18	21	4	473654
18	22	2	473654
18	23	5	473654
18	24	3	473654
18	25	4	473654
18	26	2	473654
18	27	3	473654
18	28	4	473654
18	29	1	473654
18	30	3	473654
18	31	4	473654
18	32	2	473654
18	33	5	473654
18	34	4	473654
18	35	1	473654
18	36	3	473654
18	37	3	473654
18	38	3	473654
18	39	1	473654
18	40	4	473654
18	41	4	473654
18	42	3	473654
18	43	4	473654
18	44	5	473654
18	45	3	473654
18	46	3	473654
18	47	3	473654
18	48	2	473654
18	49	4	473654
12	3	3	461358
12	4	5	461358
12	5	3	461358
12	6	3	461358
12	7	1	461358
12	8	1	461358
12	9	1	461358
12	10	5	461358
12	11	4	461358
12	12	1	461358
12	13	5	461358
12	14	4	461358
12	15	2	461358
12	16	5	461358
12	17	5	461358
12	18	2	461358
12	19	5	461358
12	20	5	461358
12	21	2	461358
12	22	3	461358
12	23	5	461358
12	24	3	461358
12	25	4	461358
12	26	5	461358
12	27	2	461358
12	28	1	461358
12	29	2	461358
12	30	2	461358
12	31	1	461358
12	32	1	461358
12	33	5	461358
12	34	3	461358
12	35	1	461358
12	36	2	461358
12	37	3	461358
12	38	2	461358
12	39	3	461358
12	40	3	461358
12	41	1	461358
12	42	1	461358
12	43	4	461358
12	44	1	461358
12	45	2	461358
12	46	3	461358
12	47	5	461358
12	48	1	461358
12	49	2	461358
71	6	4	469751
71	11	5	469751
71	14	5	469751
71	15	3	469751
71	20	4	469751
71	21	3	469751
71	23	4	469751
71	24	4	469751
71	26	5	469751
71	34	4	469751
71	39	3	469751
71	43	4	469751
71	48	3	469751
51	8	5	460746
51	22	2	460746
51	23	4	460746
51	30	2	460746
51	47	5	460746
37	3	3	458820
37	4	4	458820
37	5	5	458820
37	6	5	458820
37	7	5	458820
37	8	3	458820
37	9	5	458820
37	10	5	458820
37	11	5	458820
37	12	4	458820
37	13	5	458820
37	14	5	458820
37	15	4	458820
37	16	5	458820
37	17	5	458820
37	18	5	458820
37	19	4	458820
37	20	5	458820
37	21	5	458820
37	22	4	458820
37	23	4	458820
37	24	5	458820
37	25	5	458820
37	26	5	458820
37	27	3	458820
37	28	5	458820
37	29	3	458820
37	30	5	458820
37	31	3	458820
37	32	3	458820
37	33	5	458820
37	34	5	458820
37	35	3	458820
37	36	3	458820
37	37	5	458820
37	38	5	458820
37	39	5	458820
37	40	5	458820
37	41	4	458820
37	42	5	458820
37	43	4	458820
37	44	4	458820
37	45	4	458820
37	46	3	458820
37	47	5	458820
37	48	5	458820
37	49	5	458820
4	3	4	458619
4	4	3	458619
4	5	3	458619
4	6	3	458619
4	7	4	458619
4	8	2	458619
4	9	3	458619
4	10	3	458619
4	11	3	458619
4	12	4	458619
4	13	3	458619
4	14	3	458619
4	15	3	458619
4	16	3	458619
4	17	3	458619
4	18	4	458619
4	19	4	458619
4	20	3	458619
4	21	3	458619
4	22	4	458619
4	23	3	458619
4	24	3	458619
4	25	3	458619
4	26	3	458619
4	27	2	458619
4	28	4	458619
4	29	3	458619
4	30	3	458619
4	31	2	458619
4	32	3	458619
4	33	2	458619
4	34	4	458619
4	35	2	458619
4	36	4	458619
4	37	4	458619
4	38	5	458619
4	39	5	458619
4	40	3	458619
4	41	4	458619
4	42	5	458619
4	44	4	458619
4	46	4	458619
4	47	5	458619
4	48	3	458619
4	49	4	458619
22	3	1	471653
22	4	4	471653
22	6	3	471653
22	7	4	471653
22	8	5	471653
22	10	5	471653
22	11	4	471653
22	12	4	471653
22	13	5	471653
22	14	3	471653
22	15	4	471653
22	16	5	471653
22	17	2	471653
22	18	3	471653
22	19	5	471653
22	20	5	471653
22	22	5	471653
22	24	5	471653
22	25	1	471653
22	26	3	471653
22	27	5	471653
22	28	2	471653
22	29	4	471653
22	31	5	471653
22	33	3	471653
22	34	5	471653
22	35	2	471653
22	36	3	471653
22	37	4	471653
22	39	5	471653
22	40	4	471653
22	41	5	471653
22	42	4	471653
22	44	5	471653
22	45	5	471653
22	46	5	471653
22	47	5	471653
22	48	3	471653
22	49	5	471653
19	3	3	457680
19	4	1	457680
19	7	3	457680
19	8	3	457680
19	9	4	457680
19	20	5	457680
19	22	3	457680
19	25	2	457680
19	29	2	457680
19	31	3	457680
19	38	3	457680
19	39	2	457680
19	40	2	457680
19	41	2	457680
19	42	3	457680
19	44	3	457680
19	45	4	457680
19	49	3	457680
59	3	1	458884
59	4	5	458884
59	5	5	458884
59	6	5	458884
59	7	5	458884
59	8	5	458884
59	9	5	458884
59	10	5	458884
59	11	5	458884
59	12	5	458884
59	13	5	458884
59	14	5	458884
59	15	5	458884
59	16	1	458884
59	17	5	458884
59	18	1	458884
59	19	1	458884
59	20	3	458884
59	21	5	458884
59	22	1	458884
59	23	1	458884
59	24	1	458884
59	25	5	458884
59	26	5	458884
59	27	5	458884
59	28	5	458884
59	29	5	458884
59	30	4	458884
59	31	5	458884
59	32	1	458884
59	33	1	458884
59	34	5	458884
59	35	1	458884
59	36	4	458884
59	37	4	458884
59	38	5	458884
59	39	5	458884
59	40	5	458884
59	41	1	458884
59	42	5	458884
59	43	5	458884
59	44	5	458884
59	45	5	458884
59	46	5	458884
59	47	5	458884
59	48	5	458884
59	49	5	458884
40	3	4	461144
40	6	2	461144
40	7	1	461144
40	8	3	461144
40	9	2	461144
40	11	4	461144
40	12	2	461144
40	13	1	461144
40	14	5	461144
40	16	5	461144
40	17	5	461144
40	18	2	461144
40	21	2	461144
40	22	2	461144
40	23	5	461144
40	25	1	461144
40	26	1	461144
40	28	3	461144
40	29	3	461144
40	30	5	461144
40	31	2	461144
40	33	4	461144
40	34	4	461144
40	36	2	461144
40	40	4	461144
40	41	2	461144
40	42	2	461144
40	46	3	461144
40	47	4	461144
40	48	5	461144
40	49	3	461144
62	11	3	474952
62	12	4	474952
62	14	5	474952
62	15	4	474952
62	16	4	474952
62	17	5	474952
62	21	5	474952
62	23	2	474952
62	24	4	474952
62	25	4	474952
62	28	3	474952
62	36	4	474952
62	40	4	474952
62	44	4	474952
62	45	4	474952
62	47	5	474952
62	48	5	474952
35	4	1	460144
35	5	1	460144
35	6	4	460144
35	7	5	460144
35	8	1	460144
35	9	2	460144
35	10	4	460144
35	11	2	460144
35	13	5	460144
35	14	1	460144
35	15	5	460144
35	18	1	460144
35	19	1	460144
35	21	5	460144
35	23	2	460144
35	24	1	460144
35	25	3	460144
35	26	5	460144
35	28	5	460144
35	29	1	460144
35	30	3	460144
35	32	1	460144
35	33	2	460144
35	34	4	460144
35	39	1	460144
35	40	5	460144
35	41	3	460144
35	43	4	460144
35	46	3	460144
35	47	5	460144
35	48	4	460144
25	3	4	460746
25	4	3	460746
25	5	4	460746
25	6	4	460746
25	7	5	460746
25	8	3	460746
25	9	4	460746
25	10	4	460746
25	11	4	460746
25	12	5	460746
25	13	4	460746
25	14	4	460746
25	15	4	460746
25	16	5	460746
25	17	5	460746
25	18	4	460746
25	19	4	460746
25	20	4	460746
25	21	4	460746
25	22	4	460746
25	23	4	460746
25	24	4	460746
25	25	3	460746
25	26	4	460746
25	27	4	460746
25	28	3	460746
25	29	4	460746
25	31	5	460746
25	32	4	460746
25	33	4	460746
25	34	4	460746
25	35	4	460746
25	36	5	460746
25	37	4	460746
25	38	5	460746
25	39	5	460746
25	40	5	460746
25	41	4	460746
25	42	4	460746
25	43	4	460746
25	44	4	460746
25	45	4	460746
25	46	5	460746
25	47	2	460746
25	48	3	460746
25	49	4	460746
44	3	4	464144
44	4	2	464144
44	5	4	464144
44	6	5	464144
44	7	5	464144
44	8	4	464144
44	9	3	464144
44	10	5	464144
44	11	4	464144
44	12	4	464144
44	13	4	464144
44	14	3	464144
44	15	5	464144
44	16	3	464144
44	17	4	464144
44	18	4	464144
44	20	5	464144
44	21	5	464144
44	22	3	464144
44	24	3	464144
44	25	5	464144
44	26	5	464144
44	27	4	464144
44	28	5	464144
44	29	3	464144
44	30	3	464144
44	31	4	464144
44	32	3	464144
44	33	3	464144
44	34	4	464144
44	36	2	464144
44	38	5	464144
44	39	4	464144
44	40	5	464144
44	41	5	464144
44	43	4	464144
44	44	4	464144
44	46	4	464144
44	47	4	464144
44	48	5	464144
56	11	4	459222
56	17	5	459222
56	33	1	459222
56	37	2	459222
56	39	3	459222
50	3	5	468678
50	4	3	468678
50	6	3	468678
50	9	1	468678
50	10	5	468678
50	11	5	468678
50	12	1	468678
50	13	4	468678
50	14	5	468678
50	15	2	468678
50	16	5	468678
50	17	5	468678
50	20	5	468678
50	21	4	468678
50	24	4	468678
50	25	3	468678
50	28	1	468678
50	32	5	468678
50	33	2	468678
50	34	5	468678
50	35	1	468678
50	39	5	468678
50	41	4	468678
50	44	2	468678
50	47	1	468678
50	48	3	468678
28	3	4	468558
28	4	4	468558
28	7	4	468558
28	8	1	468558
28	9	4	468558
28	12	3	468558
28	13	3	468558
28	14	5	468558
28	15	5	468558
28	16	5	468558
28	19	4	468558
28	24	4	468558
28	25	4	468558
28	26	4	468558
28	27	4	468558
28	28	2	468558
28	29	2	468558
28	30	4	468558
28	32	3	468558
28	33	5	468558
28	36	4	468558
28	37	4	468558
28	38	2	468558
28	39	4	468558
28	40	4	468558
28	41	3	468558
28	42	3	468558
28	43	5	468558
28	45	4	468558
53	6	4	474959
53	9	4	474959
53	10	5	474959
53	11	4	474959
53	18	4	474959
53	19	3	474959
53	21	4	474959
53	26	5	474959
53	32	3	474959
53	34	5	474959
53	36	4	474959
53	39	5	474959
53	41	4	474959
53	48	5	474959
53	49	5	474959
46	3	2	462317
46	4	1	462317
46	5	2	462317
46	6	3	462317
46	7	4	462317
46	8	4	462317
46	9	4	462317
46	10	3	462317
46	11	2	462317
46	12	3	462317
46	13	1	462317
46	14	2	462317
46	15	3	462317
46	16	2	462317
46	17	5	462317
46	18	1	462317
46	19	2	462317
46	20	2	462317
46	21	3	462317
46	22	3	462317
46	23	2	462317
46	24	3	462317
46	25	3	462317
46	26	4	462317
46	27	1	462317
46	28	3	462317
46	29	2	462317
46	30	3	462317
46	31	3	462317
46	32	3	462317
46	33	2	462317
46	34	1	462317
46	35	3	462317
46	36	3	462317
46	37	2	462317
46	38	3	462317
46	39	3	462317
46	40	3	462317
46	41	4	462317
46	42	4	462317
46	43	1	462317
46	44	2	462317
46	45	1	462317
46	46	1	462317
46	47	1	462317
46	48	4	462317
46	49	2	462317
49	3	4	468687
49	4	4	468687
49	5	4	468687
49	6	5	468687
49	7	4	468687
49	8	5	468687
49	9	5	468687
49	10	5	468687
49	11	5	468687
49	12	4	468687
49	13	5	468687
49	14	5	468687
49	15	5	468687
49	16	5	468687
49	17	4	468687
49	18	4	468687
49	19	4	468687
49	20	5	468687
49	21	4	468687
49	22	4	468687
49	23	4	468687
49	24	4	468687
49	25	4	468687
49	26	5	468687
49	27	4	468687
49	28	5	468687
49	29	5	468687
49	30	4	468687
49	31	5	468687
49	32	5	468687
49	33	4	468687
49	34	5	468687
49	35	5	468687
49	36	5	468687
49	37	5	468687
49	38	5	468687
49	39	5	468687
49	40	4	468687
49	41	4	468687
49	42	4	468687
49	43	5	468687
49	44	4	468687
49	45	4	468687
49	46	4	468687
49	47	4	468687
49	48	5	468687
49	49	4	468687
1	3	2	474494
1	5	4	474494
1	10	2	474494
1	12	3	474494
1	13	2	474494
1	17	5	474494
1	18	4	474494
1	19	1	474494
1	20	2	474494
1	23	2	474494
1	26	5	474494
1	27	1	474494
1	28	3	474494
1	29	2	474494
1	33	4	474494
1	36	2	474494
1	37	4	474494
1	38	2	474494
1	40	5	474494
1	42	5	474494
1	44	5	474494
1	46	4	474494
1	49	3	474494
31	9	1	463914
31	13	1	463914
31	14	3	463914
31	15	4	463914
31	16	2	463914
31	18	3	463914
31	22	2	463914
31	24	1	463914
31	25	3	463914
31	26	5	463914
31	27	1	463914
31	38	4	463914
31	39	5	463914
31	42	5	463914
81	5	4	459353
81	6	4	459353
81	9	5	459353
81	12	4	459353
81	13	5	459353
81	14	4	459353
81	18	4	459353
81	19	3	459353
81	21	4	459353
81	22	4	459353
81	28	3	459353
81	29	5	459353
81	36	4	459353
81	38	4	459353
81	45	5	459353
81	48	3	459353
23	3	1	463185
23	5	5	463185
23	6	5	463185
23	7	5	463185
23	8	1	463185
23	10	5	463185
23	11	1	463185
23	12	5	463185
23	13	1	463185
23	14	3	463185
23	15	5	463185
23	16	1	463185
23	17	1	463185
23	21	5	463185
23	22	1	463185
23	23	3	463185
23	24	3	463185
23	30	2	463185
23	31	3	463185
23	32	5	463185
23	36	5	463185
23	41	5	463185
23	42	5	463185
23	43	1	463185
23	44	1	463185
23	45	3	463185
23	46	1	463185
23	47	5	463185
23	48	5	463185
3	4	4	471208
3	11	4	471208
3	12	3	471208
3	13	3	471208
3	17	4	471208
3	20	3	471208
3	23	3	471208
3	24	3	471208
3	27	2	471208
3	30	4	471208
3	32	4	471208
3	36	4	471208
3	43	4	471208
21	3	3	470520
21	4	1	470520
21	5	3	470520
21	6	3	470520
21	7	1	470520
21	8	1	470520
21	9	1	470520
21	10	1	470520
21	13	1	470520
21	14	1	470520
21	15	3	470520
21	16	1	470520
21	17	1	470520
21	18	1	470520
21	19	1	470520
21	20	1	470520
21	21	1	470520
21	22	1	470520
21	23	1	470520
21	24	1	470520
21	25	1	470520
21	27	2	470520
21	28	1	470520
21	29	2	470520
21	30	2	470520
21	32	2	470520
21	33	3	470520
21	34	2	470520
21	35	2	470520
21	36	1	470520
21	37	1	470520
21	38	1	470520
21	39	1	470520
21	40	1	470520
21	41	1	470520
21	42	2	470520
21	43	1	470520
21	44	2	470520
21	45	4	470520
21	46	2	470520
21	47	1	470520
21	48	2	470520
21	49	4	470520
74	3	1	467776
74	7	5	467776
74	8	2	467776
74	9	5	467776
74	10	5	467776
74	11	1	467776
74	12	5	467776
74	15	5	467776
74	16	2	467776
74	17	5	467776
74	19	1	467776
74	21	3	467776
74	22	1	467776
74	24	3	467776
74	26	3	467776
74	31	1	467776
74	32	1	467776
74	33	5	467776
74	34	5	467776
74	35	1	467776
74	36	1	467776
74	37	1	467776
74	38	5	467776
74	39	4	467776
74	40	5	467776
74	41	5	467776
74	42	5	467776
74	43	1	467776
74	44	3	467776
74	45	1	467776
74	47	5	467776
74	48	5	467776
74	49	5	467776
11	7	5	455874
11	9	3	455874
11	10	5	455874
11	11	5	455874
11	12	5	455874
11	17	4	455874
11	19	5	455874
11	28	3	455874
11	34	4	455874
11	35	3	455874
11	36	4	455874
11	39	4	455874
11	41	1	455874
11	43	4	455874
11	47	3	455874
36	13	3	457187
36	14	5	457187
36	15	5	457187
36	18	4	457187
36	23	5	457187
36	26	4	457187
36	30	5	457187
36	34	5	457187
36	35	4	457187
36	37	5	457187
36	49	4	457187
2	3	3	467437
2	5	5	467437
2	6	3	467437
2	10	3	467437
2	12	4	467437
2	13	5	467437
2	14	3	467437
2	15	5	467437
2	19	4	467437
2	20	2	467437
2	22	4	467437
2	25	5	467437
2	26	4	467437
2	27	3	467437
2	30	5	467437
2	31	3	467437
2	32	4	467437
2	34	4	467437
2	38	4	467437
2	39	5	467437
2	40	4	467437
2	42	3	467437
2	43	3	467437
2	44	5	467437
2	46	4	467437
2	47	5	467437
60	8	2	472986
60	15	4	472986
60	17	5	472986
60	19	5	472986
60	20	4	472986
60	22	4	472986
60	25	4	472986
60	26	5	472986
60	27	3	472986
60	34	4	472986
60	35	4	472986
60	37	5	472986
60	43	5	472986
60	47	3	472986
76	6	4	462230
76	7	5	462230
76	9	1	462230
76	11	5	462230
76	14	5	462230
76	24	4	462230
76	26	4	462230
76	29	5	462230
76	35	5	462230
76	38	1	462230
76	41	5	462230
76	42	3	462230
76	43	4	462230
76	48	4	462230
57	3	5	455806
57	4	5	455806
57	6	4	455806
57	7	3	455806
57	8	5	455806
57	9	5	455806
57	11	5	455806
57	12	4	455806
57	15	5	455806
57	16	4	455806
57	17	5	455806
57	18	4	455806
57	19	5	455806
57	20	5	455806
57	21	5	455806
57	22	5	455806
57	25	5	455806
57	27	5	455806
57	28	3	455806
57	31	5	455806
57	32	5	455806
57	33	5	455806
57	35	3	455806
57	36	4	455806
57	38	5	455806
57	40	4	455806
57	42	2	455806
57	43	4	455806
57	44	5	455806
57	45	4	455806
57	47	5	455806
57	48	3	455806
75	4	4	458275
75	5	4	458275
75	6	5	458275
75	7	4	458275
75	8	4	458275
75	9	4	458275
75	11	5	458275
75	12	4	458275
75	14	5	458275
75	16	5	458275
75	17	4	458275
75	18	5	458275
75	20	4	458275
75	21	4	458275
75	22	5	458275
75	23	5	458275
75	26	4	458275
75	28	4	458275
75	29	4	458275
75	30	4	458275
75	31	5	458275
75	32	5	458275
75	34	4	458275
75	38	4	458275
75	39	4	458275
75	40	4	458275
75	41	4	458275
75	43	3	458275
75	44	5	458275
75	45	4	458275
75	46	4	458275
75	47	4	458275
75	49	5	458275
9	3	4	459579
9	4	1	459579
9	5	1	459579
9	7	1	459579
9	8	3	459579
9	9	1	459579
9	10	4	459579
9	11	5	459579
9	13	5	459579
9	15	5	459579
9	16	1	459579
9	17	1	459579
9	19	4	459579
9	20	4	459579
9	22	4	459579
9	23	1	459579
9	24	5	459579
9	25	1	459579
9	26	5	459579
9	27	1	459579
9	28	1	459579
9	29	1	459579
9	30	1	459579
9	31	3	459579
9	33	5	459579
9	34	4	459579
9	35	4	459579
9	36	2	459579
9	37	1	459579
9	40	2	459579
9	41	5	459579
9	43	5	459579
9	44	5	459579
9	45	1	459579
9	47	1	459579
9	49	5	459579
